numpt	contig	overlap_reads	non-overlap_reads
1_cp_48	1	68	159
1_mt_1	1	96	268
1_cp_3	1	0	304995
1_cp_2	1	65	280191
1_cp_16	1	33	358
1_cp_35	1	116	127
1_mt_4	1	18	84
1_mt_5	1	65	366
1_cp_42	1	107	104
1_cp_63	1	12	10
1_cp_32	1	96	452
1_cp_53	1	65	119008
1_mt_6	1	60	4410
1_cp_69	1	38	153
1_cp_57	1	37	3394
1_mt_7	1	17	603
1_cp_24	1	89	199
1_cp_45	1	96	14458
1_cp_67	1	46	31
1_cp_71	1	46	36
1_cp_70	1	41	22
1_mt_8	1	6	575
1_cp_64	1	100	19
1_cp_51	1	107	56
1_cp_76	1	97	11
1_cp_36	1	92	137
1_cp_33	1	95	271
1_cp_22	1	82	275
1_cp_29	1	52	2392
1_cp_40	1	49	58
1_cp_54	1	15	3392
1_cp_52	1	0	5561
1_mt_18	1	66	20
1_cp_74	1	79	11
1_cp_61	1	51	35
1_cp_26	1	74	280
1_cp_73	1	48	12
1_cp_47	1	103	95
1_mt_20	1	100	585
1_cp_18	1	109	222
1_mt_24	1	91	16
1_mt_25	1	55	5
1_cp_80	1	88	9
1_cp_10	1	104	464
1_cp_31	1	77	173
1_cp_1	1	76	2400
1_mt_29	1	101	232
1_cp_28	1	8	52028
2_cp_24	2	83	73
2_mt_3	2	99	14
2_cp_50	2	95	18
2_cp_11	2	0	13279
2_cp_1	2	107	733
2_mt_6	2	78	8
2_cp_9	2	81	32
2_cp_16	2	100	116
2_mt_10	2	40	5
2_cp_7	2	76	73
2_cp_2	2	0	81669
2_mt_11	2	76	42
2_mt_12	2	43	8
2_cp_19	2	96	407
2_cp_51	2	0	1
2_mt_14	2	102	20
2_cp_4	2	85	140
2_cp_34	2	91	27
2_cp_22	2	45	14
2_cp_47	2	40	92
2_cp_45	2	66	40
2_mt_17	2	81	16
2_mt_18	2	93	17
2_cp_35	2	50	42
2_cp_42	2	50	24
2_cp_43	2	15	83
2_mt_26	2	78	18
2_cp_28	2	55	37
2_cp_57	2	60	25
2_cp_46	2	31	14
2_cp_44	2	19	9
2_cp_30	2	89	66
2_mt_33	2	115	42
2_cp_60	2	66	13
2_cp_14	2	38	1444
2_cp_67	2	94	15
2_cp_39	2	37	34
2_cp_62	2	34	70
2_mt_42	2	35	101
2_cp_5	2	97	102
2_cp_8	2	9	21558
2_cp_56	2	33	85
2_mt_48	2	0	34644
2_cp_6	2	109	157
2_cp_12	2	97	112
2_mt_51	2	23	5872
2_cp_36	2	41	51
2_cp_71	2	108	26
2_cp_33	2	80	65
2_mt_52	2	110	16
2_cp_61	2	5	4
2_cp_10	2	0	83
2_cp_17	2	82	382
2_cp_3	2	61	232
3_mt_1	3	0	467
3_cp_15	3	27	20
3_cp_25	3	44	30
3_cp_9	3	80	156
3_cp_12	3	96	125
3_cp_6	3	82	105
3_cp_17	3	99	37
3_cp_35	3	123	14
3_cp_29	3	51	26
3_cp_10	3	58	87
3_cp_33	3	76	28
3_cp_32	3	32	5
3_mt_8	3	85	7164
3_cp_4	3	50	110
3_cp_28	3	86	8
3_mt_17	3	98	45
3_cp_21	3	79	10
3_cp_7	3	0	34039
3_cp_2	3	72	327
3_cp_26	3	41	27
3_mt_22	3	83	10796
3_cp_18	3	110	53
3_cp_13	3	63	48
3_cp_22	3	11	40
3_cp_23	3	31	75
3_cp_19	3	82	35
4_cp_33	4	95	40
4_mt_1	4	85	12
4_mt_2	4	122	24
4_mt_3	4	105	47
4_mt_7	4	69	19
4_cp_31	4	66	66
4_cp_30	4	33	24
4_cp_5	4	84	123
4_cp_2	4	59	60238
4_cp_18	4	85	407
4_cp_38	4	70	13
4_mt_20	4	15	1282
4_cp_27	4	91	39
4_cp_15	4	229	41
4_cp_35	4	32	31
4_cp_10	4	82	130
4_mt_25	4	139	377
4_mt_26	4	101	18
4_mt_27	4	93	7
4_mt_28	4	96	52
4_cp_1	4	80	290
4_cp_20	4	0	360
4_cp_17	4	167	424
4_cp_11	4	100	457
4_cp_14	4	70	383
4_mt_38	4	86	99
4_mt_40	4	66	46
4_cp_22	4	78	110
5_cp_7	5	149	89
5_cp_9	5	20	48
5_cp_10	5	56	57
5_cp_8	5	124	50
5_cp_13	5	73	215
5_mt_1	5	50	18
5_cp_20	5	104	33
5_cp_6	5	88	90
5_mt_6	5	150	3013
5_cp_18	5	100	78
5_mt_10	5	104	927
5_mt_12	5	81	26
5_mt_13	5	80	8284
5_cp_12	5	50	59
5_cp_27	5	102	17
5_cp_2	5	0	27697
5_cp_1	5	108	486
5_cp_3	5	73	58
5_cp_19	5	91	35
5_cp_25	5	68	8
5_cp_22	5	77	27
5_cp_33	5	5	4
5_mt_21	5	10	4
6_cp_7	6	99	693
6_mt_3	6	103	72
6_mt_5	6	99	57
6_mt_6	6	0	16665
6_cp_19	6	115	116
6_cp_3	6	47	389
6_cp_25	6	95	228
6_cp_43	6	79	44
6_cp_5	6	106	52157
6_cp_44	6	101	22
6_mt_10	6	55	259
6_cp_12	6	94	345
6_cp_34	6	113	215
6_cp_23	6	82	181
6_cp_52	6	18	7
6_mt_29	6	59	25
6_mt_30	6	105	103
6_cp_57	6	30	192
6_cp_39	6	25	126
6_cp_83	6	99	253
6_cp_54	6	91	36
6_cp_41	6	68	18
6_mt_36	6	25	2310
6_mt_37	6	75	51
6_cp_50	6	168	82
6_cp_47	6	52	194
6_cp_48	6	83	31
6_cp_37	6	72	63
6_cp_17	6	5	26983
6_mt_38	6	0	808
6_cp_21	6	75	123
6_cp_45	6	97	28
6_cp_30	6	106	72
6_cp_71	6	87	76
6_mt_44	6	55	3944
6_cp_13	6	35	403
6_cp_53	6	50	24
6_cp_49	6	35	20
6_cp_77	6	68	12
6_cp_35	6	77	96
6_cp_64	6	7	798
6_mt_53	6	66	6
6_cp_69	6	10	5
6_cp_70	6	136	40
6_cp_75	6	59	15
6_mt_60	6	57	918
6_cp_56	6	71	11
6_cp_10	6	62	209
6_cp_26	6	85	210
6_mt_63	6	27	3399
6_mt_64	6	0	2151
6_cp_42	6	55	154
6_cp_72	6	70	26
6_cp_31	6	77	60
7_cp_37	7	0	30853
7_cp_2	7	45	32554
7_cp_71	7	73	40
7_mt_5	7	95	159
7_mt_7	7	78	127
7_cp_76	7	32	19
7_mt_10	7	13	2809
7_mt_13	7	138	28
7_cp_54	7	84	24
7_cp_38	7	87	82
7_mt_19	7	67	101
7_mt_23	7	98	44
7_cp_77	7	96	35
7_cp_70	7	89	64
7_cp_28	7	49	16465
7_mt_26	7	88	11
7_cp_14	7	86	223
7_cp_47	7	69	66
7_cp_43	7	87	61
7_cp_10	7	61	718
7_cp_15	7	60	299
7_cp_21	7	73	250
7_mt_32	7	3	194
7_cp_66	7	20	35
7_cp_63	7	60	133
7_cp_32	7	75	99
7_cp_67	7	62	23
7_cp_53	7	67	40
7_cp_59	7	62	39
7_cp_85	7	83	8
7_mt_40	7	93	6
7_mt_42	7	0	18356
7_mt_43	7	61	967
7_cp_25	7	86	118
7_cp_3	7	35	151387
7_cp_90	7	84	12
7_mt_46	7	96	75
7_cp_5	7	48	13267
7_mt_47	7	83	201
7_cp_1	7	0	1519341
8_cp_24	8	65	25
8_mt_2	8	4	515
8_cp_5	8	77	188
8_cp_17	8	37	148
8_cp_19	8	60	2800
8_cp_4	8	91	4145
8_cp_15	8	54	37
8_cp_12	8	38	19
8_cp_11	8	25	81
8_cp_25	8	91	9
8_cp_14	8	85	27
8_cp_23	8	76	21
8_cp_8	8	84	460
8_mt_6	8	50	5704
8_mt_7	8	59	70
8_cp_13	8	10	1128
8_cp_10	8	105	86
8_cp_2	8	82	377
9_cp_11	9	92	66
9_mt_2	9	0	2939
9_mt_3	9	0	5247
9_cp_24	9	69	18
9_cp_3	9	94	166
9_mt_11	9	6	6698
9_cp_8	9	80	100
9_cp_6	9	101	130
9_cp_25	9	50	14
9_mt_14	9	0	15497
9_cp_20	9	72	34
9_cp_29	9	98	17
9_cp_23	9	58	26
9_cp_7	9	91	2006
9_cp_4	9	75	14538
9_cp_5	9	0	22988
9_mt_18	9	0	16649
9_cp_21	9	24	31
9_cp_17	9	31	9
10_mt_1	10	37	1448
10_mt_2	10	2	461
10_cp_22	10	117	67
10_mt_4	10	39	896
10_mt_6	10	4	4120
10_cp_23	10	68	67
10_cp_19	10	77	175
10_cp_50	10	47	167
10_cp_33	10	80	37
10_cp_16	10	23	95
10_mt_8	10	0	317
10_cp_18	10	102	156
10_cp_4	10	83	624
10_cp_3	10	89	771
10_mt_10	10	4	760
10_mt_11	10	28	24
10_cp_55	10	34	49
10_cp_34	10	45	16
10_cp_35	10	51	161
10_cp_32	10	97	10
10_mt_13	10	65	3520
10_cp_39	10	109	23
10_cp_45	10	6	0
10_cp_24	10	15	4
10_cp_40	10	43	25
10_mt_16	10	118	4927
10_mt_17	10	32	33
10_cp_7	10	52	7944
10_mt_23	10	0	201220
10_cp_43	10	17	29
10_cp_15	10	82	291
10_cp_25	10	48	22
10_cp_44	10	17	7
10_mt_50	10	70	30
10_mt_51	10	0	3324
10_cp_37	10	72	32
10_mt_53	10	88	18
10_cp_30	10	112	23
10_cp_14	10	0	111915
11_mt_3	11	83	35
11_mt_4	11	0	15385
11_mt_5	11	96	551
11_mt_10	11	79	22
11_cp_2	11	74	269
11_cp_1	11	79	14336
11_cp_14	11	98	27
11_mt_12	11	0	70970
11_cp_24	11	173	38
11_cp_26	11	21	5
11_cp_25	11	9	6
11_cp_27	11	78	14
11_cp_23	11	71	15
11_cp_28	11	30	17
11_cp_19	11	4	4739
11_cp_31	11	110	12
11_mt_14	11	28	37
11_mt_16	11	100	8
11_cp_22	11	59	32
11_cp_3	11	97	165
11_mt_21	11	54	282
11_mt_24	11	32	764
11_mt_25	11	15	422
11_mt_26	11	0	757
11_cp_20	11	36	24
11_mt_29	11	37	14
11_cp_15	11	65	17
11_cp_34	11	106	22
11_mt_35	11	0	51656
11_mt_36	11	3	69
11_mt_38	11	66	5
11_mt_40	11	27	72
12_cp_6	12	28	110
12_cp_21	12	82	16
12_cp_4	12	106	754
12_cp_1	12	121	289
12_cp_7	12	25	2409
12_cp_11	12	78	31
12_cp_18	12	48	16
12_mt_2	12	130	10
12_cp_15	12	62	11
12_cp_13	12	33	15
12_cp_3	12	54	233
12_mt_5	12	53	201
12_mt_6	12	83	2
12_mt_8	12	78	135
12_cp_9	12	90	87
12_cp_14	12	95	22
13_cp_14	13	82	44
13_mt_2	13	7	5810
13_mt_3	13	11	205
13_cp_15	13	104	90
13_cp_41	13	112	9
13_cp_19	13	25	8
13_cp_24	13	10	3
13_cp_4	13	59	188
13_cp_20	13	30	23
13_cp_5	13	21	122
13_cp_6	13	26	17375
13_mt_10	13	124	163
13_cp_18	13	1	64
13_mt_12	13	80	24
13_mt_13	13	0	178044
13_mt_32	13	0	1376
13_mt_33	13	61	103
13_mt_34	13	7	3697
13_cp_13	13	80	67
13_cp_23	13	13	8
13_cp_17	13	5	1
13_cp_16	13	40	19
13_cp_31	13	11	1
13_cp_25	13	34	75
14_cp_1	14	66	80
14_mt_2	14	73	129
14_cp_11	14	35	24
14_cp_9	14	103	61
14_cp_2	14	71	1169
14_mt_13	14	89	16
14_mt_14	14	70	36
15_cp_66	15	40	216
15_cp_37	15	89	36
15_mt_1	15	55	62
15_mt_3	15	45	821
15_mt_6	15	69	961
15_mt_9	15	80	89
15_cp_75	15	21	105
15_cp_28	15	84	59
15_cp_2	15	71	13119
15_cp_62	15	74	31
15_cp_65	15	24	121
15_cp_92	15	6	14
15_mt_16	15	96	113
15_mt_18	15	124	2827
15_mt_21	15	45	215
15_cp_16	15	69	118
15_mt_24	15	65	334
15_cp_12	15	98	119
15_cp_39	15	88	59
15_cp_73	15	40	32
15_mt_27	15	47	102
15_cp_61	15	56	42
15_cp_17	15	63	79
15_cp_27	15	109	62
15_mt_31	15	0	12718
15_mt_32	15	15	3902
15_cp_58	15	71	70
15_cp_49	15	62	37
15_cp_71	15	14	3
15_cp_8	15	47	7834
15_cp_78	15	222	85
15_cp_110	15	91	12
15_mt_40	15	58	6331
15_cp_60	15	83	20
15_mt_43	15	56	11
15_cp_6	15	0	23619
15_cp_3	15	0	356351
15_cp_88	15	77	35
15_cp_36	15	64	316
15_cp_34	15	0	103
15_cp_44	15	0	22
15_mt_47	15	10	1443
15_cp_74	15	82	360
15_cp_69	15	40	43
15_cp_80	15	113	12
15_cp_23	15	105	80
15_cp_90	15	66	24
15_cp_21	15	120	97
15_cp_70	15	34	19
15_cp_50	15	33	23
15_mt_49	15	42	17
15_cp_106	15	110	8
15_mt_51	15	0	614
15_mt_53	15	0	1564
15_mt_55	15	0	4874
15_cp_95	15	100	40
15_cp_72	15	43	99
16_cp_6	16	66	72
16_mt_2	16	0	637
16_cp_7	16	330	12
16_cp_10	16	0	0
16_mt_3	16	0	13694
16_cp_4	16	0	1
16_mt_5	16	1	4
16_mt_7	16	0	0
16_cp_9	16	92	43
16_cp_3	16	193	174
16_cp_12	16	92	44
16_cp_16	16	84	17
16_cp_13	16	77	22
17_cp_6	17	37	10
17_mt_2	17	159	29
17_cp_5	17	19	11
17_mt_4	17	11	0
17_cp_3	17	82	25
17_mt_5	17	160	67
17_cp_4	17	32	167
17_cp_2	17	54	17
17_cp_1	17	95	74
17_cp_7	17	0	0
18_cp_2	18	0	7
18_cp_8	18	38	21
18_mt_2	18	48	34
18_cp_1	18	0	30631
18_mt_14	18	18	1751
18_mt_16	18	17	165
18_cp_5	18	67	46
18_cp_7	18	86	85
18_cp_10	18	52	37
18_cp_4	18	93	25
18_mt_20	18	0	3611
18_cp_9	18	17	10
19_mt_2	19	22	196
19_cp_16	19	94	49
19_cp_11	19	27	58
19_cp_26	19	18	7
19_cp_19	19	109	45
19_cp_18	19	0	275
19_mt_7	19	0	45768
19_cp_9	19	124	75
19_cp_7	19	97	691
19_cp_17	19	81	723
19_cp_24	19	98	15
19_mt_14	19	53	229
19_cp_14	19	46	64
19_cp_12	19	18	47
19_cp_21	19	104	25
19_cp_25	19	116	37
19_cp_22	19	76	37
20_cp_39	20	94	218
20_cp_49	20	0	0
20_cp_4	20	71	141
20_cp_6	20	62	118
20_mt_1	20	6	827
20_cp_48	20	90	23
20_cp_25	20	49	31
20_cp_14	20	76	45
20_cp_9	20	84	119
20_cp_11	20	108	948
20_cp_26	20	0	24
20_cp_34	20	61	109
20_cp_22	20	38	34
20_cp_35	20	11	55
20_mt_3	20	54	2080
20_mt_6	20	59	17
20_cp_1	20	127	14511
20_cp_24	20	21	6
20_mt_33	20	61	23
20_cp_15	20	88	110
20_cp_31	20	22	21
20_mt_35	20	85	191
20_cp_30	20	80	12
20_cp_17	20	38	56
20_cp_38	20	64	45
20_cp_18	20	71	42
20_mt_36	20	0	7
20_cp_8	20	51	784
20_mt_37	20	0	15339
20_cp_19	20	44	37
20_cp_40	20	34	14
20_cp_28	20	39	23
20_cp_3	20	85	180
20_cp_13	20	61	112
20_cp_47	20	53	5
21_cp_16	21	87	38
21_cp_22	21	62	23
21_mt_1	21	0	3586
21_cp_15	21	63	81
21_cp_4	21	85	102
21_mt_4	21	11	67
21_mt_6	21	117	85
21_cp_21	21	111	22
21_cp_1	21	85	181
21_cp_9	21	88	50
21_cp_3	21	126	172
21_cp_31	21	92	12
21_cp_19	21	85	18
21_cp_8	21	96	134
21_mt_7	21	106	56
21_cp_5	21	78	138
21_cp_20	21	52	9106
21_mt_15	21	46	3351
21_cp_12	21	42	3
21_cp_10	21	102	64
21_mt_17	21	0	3837
21_cp_17	21	32	27
21_mt_19	21	86	10143
22_mt_2	22	59	12
22_mt_3	22	0	1792
22_cp_9	22	8	58
22_mt_5	22	7	239
22_mt_6	22	44	46
22_cp_20	22	94	20
22_mt_9	22	44	13
22_mt_10	22	23	6
22_cp_19	22	2	1
22_mt_11	22	46	113
22_cp_3	22	38	602
22_cp_17	22	66	14
22_cp_14	22	0	4
22_cp_15	22	34	16
22_mt_14	22	72	42
22_mt_15	22	32	1218
22_cp_5	22	71	2507
22_cp_6	22	1	10174
22_cp_11	22	0	9
22_mt_20	22	71	4
22_mt_21	22	57	55
22_cp_8	22	113	62
22_cp_12	22	36	71
22_cp_21	22	63	19
23_cp_4	23	86	28
23_cp_12	23	137	18489
23_cp_1	23	78	58529
23_cp_10	23	65	4117
23_cp_6	23	74	89
23_cp_16	23	0	5992
23_cp_27	23	93	17
23_mt_12	23	11	8
23_cp_28	23	30	27
23_cp_26	23	115	44
23_cp_20	23	60	37
24_cp_2	24	40	711
24_cp_7	24	10	91
24_mt_1	24	92	50
24_cp_8	24	55	25
24_cp_4	24	92	29
24_mt_4	24	5	5043
24_cp_6	24	48	50
25_cp_35	25	5	0
25_cp_18	25	2	10
25_cp_17	25	37	130
25_cp_28	25	7	3
25_mt_6	25	46	304
25_cp_7	25	60	69
25_cp_3	25	0	24092
25_mt_8	25	0	734
25_cp_13	25	39	28
25_mt_9	25	103	213
25_cp_15	25	70	24
25_cp_24	25	24	15
25_cp_16	25	49	38
25_cp_26	25	79	32
25_cp_19	25	66	38
25_cp_8	25	0	9089
25_cp_23	25	43	16
25_cp_21	25	32	22
25_cp_9	25	1	6
26_cp_1	26	0	951954
26_cp_41	26	42	219
26_cp_32	26	75	40
26_cp_35	26	27	60
26_cp_50	26	77	14
26_cp_21	26	83	55
26_cp_34	26	114	34
26_cp_52	26	90	200
26_cp_17	26	164	7931
26_cp_15	26	43	2364
26_cp_16	26	70	570
26_cp_7	26	33	717
26_cp_37	26	44	36
26_cp_28	26	55	46
26_mt_12	26	74	19
26_cp_23	26	57	27
26_cp_30	26	44	64
26_mt_14	26	111	46
26_cp_40	26	99	31
26_mt_16	26	104	507
27_cp_8	27	59	62
27_cp_9	27	33	22
27_cp_12	27	20	9
27_cp_6	27	59	286
27_cp_3	27	42	43
27_cp_1	27	0	536286
27_cp_10	27	87	670
27_mt_4	27	0	3708
27_cp_4	27	39	45
27_mt_5	27	43	107
27_cp_13	27	113	36
28_cp_13	28	45	9
28_mt_2	28	85	70
28_mt_4	28	54	19
28_mt_5	28	45	13
28_mt_6	28	62	126
28_cp_11	28	105	28
28_cp_10	28	41	15
28_cp_12	28	38	8
28_cp_1	28	0	237424
28_cp_2	28	18	171
28_mt_9	28	1	0
28_cp_14	28	85	46
28_cp_5	28	15	7971
28_cp_3	28	79	84
28_mt_15	28	32	5061
29_mt_1	29	57	276
29_cp_10	29	9	28
29_mt_4	29	33	10
29_cp_2	29	30	24
29_mt_8	29	100	46
29_cp_11	29	45	169
29_cp_5	29	17	24
29_cp_7	29	22	78
29_cp_8	29	20	1
29_cp_4	29	27	34
29_cp_1	29	26	2874
30_cp_21	30	104	25
30_cp_12	30	66	47
30_cp_8	30	32	12787
30_mt_5	30	104	132
30_cp_25	30	34	0
30_cp_19	30	40	12
30_cp_22	30	69	18
30_cp_11	30	35	26222
30_cp_24	30	134	13
30_mt_12	30	21	10584
30_cp_17	30	90	30
30_mt_14	30	85	94
30_cp_18	30	95	11
30_mt_16	30	89	53
30_cp_15	30	63	22
30_cp_14	30	39	57
30_cp_16	30	1	4
30_cp_6	30	92	85
30_mt_21	30	0	3198
30_mt_22	30	64	174
30_cp_9	30	97	149
30_mt_26	30	0	8700
30_mt_28	30	44	13606
30_cp_1	30	95	367438
30_cp_4	30	43	0
31_mt_1	31	93	14920
31_cp_18	31	92	77
31_cp_30	31	13	24
31_cp_3	31	34	7026
31_cp_5	31	45	134
31_cp_29	31	8	25
31_cp_7	31	27	130
31_mt_22	31	0	6080
31_cp_12	31	48	12
31_cp_37	31	98	20
31_cp_31	31	35	107
31_mt_25	31	36	12
31_cp_28	31	52	39
31_cp_35	31	87	16
31_mt_26	31	82	14
31_cp_21	31	54	46
31_cp_2	31	47	1131
31_cp_16	31	61	59
31_cp_33	31	86	23
31_cp_14	31	95	235
31_cp_23	31	107	28
31_cp_20	31	78	56
31_cp_11	31	53	41
31_cp_26	31	6	572
31_mt_30	31	111	28
32_cp_5	32	86	251
32_cp_7	32	31	50
32_cp_6	32	28	16
32_cp_25	32	100	23
32_cp_32	32	45	108
32_cp_35	32	29	8
32_cp_24	32	29	16
32_cp_4	32	33	168
32_cp_11	32	94	74
32_cp_16	32	69	16
32_cp_14	32	81	39
32_cp_34	32	62	31
32_cp_29	32	68	28
32_cp_23	32	108	58
32_cp_28	32	90	30
32_cp_8	32	84	133
32_cp_2	32	50	891
32_cp_26	32	39	16
32_cp_27	32	70	27
32_cp_22	32	49	55
32_cp_15	32	25	28
32_mt_4	32	19	1
32_cp_17	32	33	89
32_cp_33	32	1	37
32_mt_5	32	33	6
32_mt_6	32	19	356
32_mt_8	32	103	49
32_cp_30	32	15	37
33_cp_14	33	17	111
33_mt_1	33	29	5
33_cp_10	33	99	47
33_mt_2	33	83	27
33_cp_2	33	104	65
33_mt_4	33	112	114
33_cp_15	33	60	18
33_cp_1	33	72	742
33_cp_4	33	118	207
33_cp_8	33	0	14214
33_mt_7	33	28	7
33_mt_8	33	130	94
33_cp_7	33	87	84
34_cp_6	34	0	76380
34_cp_12	34	9	11
34_cp_4	34	83	125
34_mt_2	34	29	41408
34_cp_2	34	82	34574
34_cp_9	34	46	1244
34_cp_13	34	63	139
34_cp_19	34	10	58
34_mt_6	34	73	6
34_cp_3	34	89	188
34_cp_10	34	84	46
34_cp_16	34	62	58
34_mt_9	34	81	40
34_mt_10	34	90	30
34_mt_11	34	76	24
34_mt_12	34	81	30
34_mt_13	34	69	28
34_cp_8	34	63	99
34_cp_18	34	82	15
35_cp_1	35	43	273261
35_cp_23	35	127	2
35_cp_10	35	117	36
35_cp_16	35	22	10
35_cp_2	35	85	208
35_mt_2	35	15	1106
35_cp_21	35	80	15
35_cp_18	35	36	29
35_cp_15	35	43	16
35_mt_14	35	35	9535
35_cp_3	35	94	103
35_cp_14	35	274	138
35_cp_4	35	77	88
36_mt_1	36	23	548
36_cp_4	36	41	907
36_cp_7	36	15	3
36_cp_2	36	54	145
36_mt_4	36	7	2540
36_mt_5	36	112	1260
36_cp_13	36	114	53
36_mt_13	36	108	48
36_mt_15	36	32	23
37_cp_5	37	22	62
37_cp_9	37	77	31
37_cp_4	37	17	27
37_mt_6	37	10	0
37_cp_1	37	0	26537
38_cp_6	38	113	309
38_mt_4	38	15	5364
38_cp_2	38	79	10454
38_cp_21	38	15	3
38_cp_20	38	19	11
38_cp_17	38	67	30
38_cp_14	38	71	11
38_cp_22	38	31	44
38_cp_18	38	57	25
38_cp_27	38	26	23
38_cp_10	38	67	60
38_mt_14	38	0	415
38_cp_7	38	36	61
38_cp_8	38	25	42
38_cp_12	38	47	1
39_cp_2	39	83	34
39_cp_1	39	0	46683
39_cp_5	39	12	1
39_cp_3	39	23	12
39_mt_2	39	28	29
39_cp_6	39	79	20
39_mt_4	39	34	20
39_cp_4	39	41	22
39_cp_11	39	50	8
39_mt_6	39	86	15
40_mt_1	40	106	60
40_mt_2	40	0	6323
40_mt_3	40	14	1293
40_mt_4	40	91	95
40_cp_2	40	60	21
40_cp_1	40	45	115
41_cp_12	41	109	22
41_mt_1	41	61	50
41_mt_2	41	77	89
41_cp_4	41	100	120
41_cp_9	41	62	20
41_cp_6	41	65	165
41_cp_1	41	122	130
41_cp_10	41	67	10
41_cp_2	41	34	19
41_mt_8	41	45	1709
41_mt_12	41	40	15
42_cp_6	42	112	62
42_cp_3	42	78	139
42_cp_4	42	98	47
42_cp_2	42	0	7046
42_cp_1	42	114	132
42_cp_5	42	99	61
42_cp_8	42	62	84
42_cp_10	42	24	61
43_cp_11	43	27	20
43_cp_2	43	67	57
43_mt_2	43	56	10
43_cp_10	43	38	13
43_cp_7	43	42	14
43_cp_5	43	56	25
43_mt_4	43	65	26
43_mt_5	43	14	12385
43_mt_7	43	3	17381
43_cp_1	43	53	61
44_cp_8	44	60	50
44_cp_5	44	46	52
44_cp_10	44	55	51
44_cp_13	44	43	180
44_cp_11	44	52	20
44_cp_2	44	0	391703
44_cp_3	44	51	360
44_cp_6	44	78	65
45_cp_18	45	24	17
45_mt_2	45	59	26
45_cp_6	45	18	7349
45_mt_6	45	116	60
45_cp_4	45	0	27980
45_mt_8	45	0	229
45_mt_9	45	0	248
45_cp_17	45	91	22
45_cp_8	45	65	28
45_mt_10	45	11	426
45_cp_15	45	38	14
45_cp_14	45	12	5
45_cp_11	45	62	5
45_mt_13	45	8	5
46_cp_1	46	77	40
47_mt_1	47	0	899
47_cp_5	47	116	14
47_mt_5	47	88	53
47_mt_6	47	66	3119
47_cp_4	47	88	57
47_cp_3	47	86	105
47_cp_1	47	97	116
48_cp_5	48	76	38
48_cp_4	48	35	216
48_cp_3	48	58	29639
48_mt_6	48	0	10988
48_cp_7	48	69	14
49_cp_13	49	5	13
49_cp_26	49	18	104
49_cp_8	49	41	19747
49_cp_30	49	41	25
49_cp_14	49	100	89
49_cp_1	49	65	130655
49_mt_7	49	89	125
49_cp_20	49	92	32
49_cp_17	49	69	508
49_mt_10	49	42	99704
49_cp_24	49	52	60
49_cp_5	49	52	144
49_cp_42	49	121	16
49_cp_38	49	97	5
49_cp_15	49	91	87
49_mt_17	49	91	353
49_cp_4	49	60	327
49_cp_12	49	68	149
49_cp_25	49	18	84
49_mt_21	49	142	14539
49_mt_24	49	35	11
49_cp_22	49	104	26
49_cp_7	49	103	138
49_mt_28	49	84	47
49_cp_19	49	76	17
49_cp_9	49	0	36882
49_cp_6	49	0	9121
49_cp_27	49	41	46
50_cp_3	50	1	20
50_cp_2	50	25	40
50_cp_4	50	54	13
51_mt_1	51	86	78
51_cp_8	51	103	29
51_mt_3	51	0	138
51_mt_4	51	1	6518
51_mt_5	51	59	13
51_mt_6	51	0	64374
51_cp_6	51	27	656
51_cp_4	51	69	3113
52_mt_1	52	70	87
52_cp_12	52	40	11
52_cp_14	52	103	320
52_cp_6	52	92	32
52_cp_2	52	6	5732
52_cp_1	52	0	7043
52_cp_3	52	26	57
53_cp_2	53	0	19
53_mt_3	53	0	0
53_cp_8	53	110	266
53_cp_4	53	16	22
53_mt_6	53	91	7289
53_mt_7	53	8	0
53_cp_6	53	83	24
54_mt_1	54	14	10280
54_cp_2	54	71	136
54_cp_8	54	50	38
54_cp_12	54	50	16
54_cp_3	54	0	7970
54_mt_4	54	92	14
54_cp_11	54	85	39
54_cp_1	54	107	199
54_cp_17	54	107	12
54_cp_9	54	79	22
54_cp_6	54	54	131
54_cp_13	54	38	14
54_cp_7	54	33	15
55_cp_7	55	55	32
55_mt_1	55	9	5474
55_cp_8	55	55	21
55_cp_5	55	99	550
55_mt_5	55	97	25
55_cp_3	55	101	229
55_cp_2	55	92	152
55_cp_1	55	91	184
56_mt_1	56	74	168
56_cp_3	56	72	189
56_cp_2	56	95	305
57_cp_21	57	33	8
57_cp_1	57	0	319279
57_mt_3	57	6	26
57_cp_31	57	67	13
57_cp_17	57	55	23
57_cp_4	57	0	43135
57_cp_5	57	17	240
57_cp_16	57	43	170
57_cp_32	57	24	106
57_cp_14	57	44	51
57_mt_11	57	0	0
57_mt_12	57	0	0
57_cp_3	57	32	15507
57_cp_11	57	44	3266
57_cp_12	57	59	54
57_cp_10	57	57	56
57_cp_19	57	62	30
58_cp_7	58	81	28
58_mt_2	58	0	1651
58_mt_4	58	95	35
58_mt_5	58	101	32
58_cp_12	58	81	26
58_cp_9	58	14	95
58_mt_13	58	90	179
58_mt_15	58	47	20
58_cp_1	58	69	1326
58_mt_16	58	35	2867
58_mt_18	58	96	146
58_mt_21	58	66	214
58_cp_6	58	70	23
58_cp_3	58	63	51
58_mt_22	58	2	4301
59_cp_6	59	14	11
59_cp_14	59	128	26
59_cp_12	59	67	37
59_cp_5	59	39	30
59_cp_8	59	28	107
59_cp_7	59	3	0
59_cp_2	59	0	704
59_cp_10	59	67	18
59_cp_3	59	94	48
60_cp_22	60	3	4
60_cp_25	60	4	11
60_cp_24	60	25	14
60_mt_4	60	90	11
60_cp_15	60	25	104
60_cp_21	60	34	605
60_cp_5	60	89	97
60_cp_26	60	47	13
60_cp_17	60	40	30
60_cp_35	60	55	10
60_cp_13	60	58	112
60_mt_9	60	44	6
60_mt_11	60	78	26
60_cp_19	60	79	308
60_cp_7	60	50	944
60_cp_27	60	9	4
60_mt_18	60	1	0
60_cp_3	60	68	193
60_mt_19	60	0	5583
61_mt_2	61	82	52
61_mt_3	61	11	3256
61_cp_4	61	41	354
62_cp_1	62	26	62
62_cp_9	62	15	27
62_mt_3	62	65	58
62_mt_5	62	49	54
62_mt_6	62	26	47
62_cp_3	62	66	73
62_cp_14	62	59	18
62_cp_11	62	39	57
62_cp_12	62	23	22
62_cp_4	62	99	84
62_mt_12	62	22	20
62_cp_8	62	72	10
63_cp_2	63	85	15
63_cp_1	63	35	147
63_cp_5	63	88	11
64_mt_1	64	59	57
64_cp_5	64	50	24
64_cp_3	64	44	18
64_mt_4	64	88	30
64_cp_4	64	37	27
64_mt_6	64	50	77
64_mt_7	64	55	121
65_mt_6	65	65	22093
65_mt_8	65	69	161
65_mt_9	65	53	4901
65_cp_13	65	59	28
65_mt_11	65	92	259
65_mt_13	65	79	2521
65_mt_14	65	7	1190
65_mt_15	65	29	14630
65_cp_12	65	120	73
65_cp_3	65	97	1641
65_cp_9	65	51	267634
65_cp_10	65	54	509
65_cp_11	65	0	11881
66_mt_1	66	0	0
66_mt_3	66	44	20
66_cp_3	66	58	63
66_cp_12	66	28	92
66_cp_20	66	94	12
66_cp_7	66	87	56
66_cp_5	66	0	28380
66_cp_9	66	87	67
66_cp_1	66	36	1047
66_mt_8	66	71	695
66_cp_18	66	80	14
66_cp_11	66	86	39
66_cp_15	66	84	91
66_cp_10	66	91	63
66_mt_12	66	0	0
66_cp_13	66	54	19
67_cp_1	67	92	132
67_cp_5	67	63	59
67_cp_6	67	97	30
67_cp_3	67	37	13
67_cp_7	67	42	28
68_mt_2	68	19	4
68_cp_7	68	37	6
68_cp_4	68	35	9
68_mt_5	68	12	5
68_cp_1	68	25	78
68_mt_7	68	55	9
68_mt_8	68	55	24
68_cp_6	68	5	21
68_cp_3	68	44	307
68_mt_10	68	0	1530
68_cp_8	68	56	0
69_cp_4	69	124	1581
69_mt_1	69	16	2394
69_cp_28	69	55	10
69_cp_6	69	55	1565
69_cp_8	69	57	14999
69_cp_9	69	59	126
69_cp_11	69	69	100
69_cp_23	69	90	70
69_cp_22	69	84	85
69_cp_29	69	89	77
69_cp_15	69	64	65
69_cp_31	69	69	77
69_cp_7	69	36	12365
69_cp_13	69	61	43
69_cp_2	69	48	189
69_cp_18	69	51	2
69_cp_10	69	58	98
69_cp_14	69	103	55
69_cp_21	69	42	15
69_mt_5	69	30	14
70_cp_11	70	75	22
70_cp_8	70	49	62
70_cp_16	70	42	4
70_cp_2	70	83	111
70_cp_12	70	2	1
70_cp_9	70	71	20
70_cp_1	70	58	1311
70_mt_5	70	83	54
70_cp_5	70	39	10
70_cp_10	70	47	43
71_cp_3	71	9	48640
71_cp_11	71	72	376
71_cp_13	71	6	1
71_cp_14	71	8	673
71_cp_4	71	98	137
71_cp_5	71	16	5
71_cp_1	71	28	36659
72_cp_4	72	131	93
72_cp_8	72	10	18
72_cp_6	72	24	45
72_cp_9	72	110	36862
72_cp_13	72	45	15
72_mt_2	72	15	91
72_cp_15	72	41	1
72_mt_5	72	44	2
72_cp_11	72	18	18
72_cp_10	72	11	22
72_cp_12	72	66	25
73_cp_10	73	56	33
73_cp_9	73	91	51
73_cp_11	73	49	6
73_cp_5	73	34	241
73_cp_12	73	93	16
73_cp_7	73	54	218
73_mt_4	73	34	55
73_cp_4	73	61	509
73_cp_8	73	45	222
73_mt_7	73	53	6540
73_mt_9	73	32	1989
74_cp_9	74	60	10
74_cp_5	74	45	30
74_cp_8	74	148	38
74_cp_6	74	60	58
74_cp_7	74	29	23
74_cp_4	74	34	248
74_mt_8	74	79	73
74_cp_2	74	45	205
75_cp_2	75	98	49
75_cp_25	75	9	110
75_cp_20	75	73	40
75_cp_28	75	101	16
75_cp_4	75	7	125
75_mt_2	75	6	1435
75_mt_10	75	55	40166
75_cp_38	75	51	13
75_cp_16	75	71	80
75_cp_36	75	12	2
75_cp_32	75	64	6
75_mt_15	75	10	4899
75_cp_5	75	34	64
75_cp_11	75	0	19367
75_cp_17	75	58	71
75_cp_34	75	71	20
75_cp_6	75	51	101
75_cp_30	75	0	0
75_mt_22	75	67	15
75_cp_33	75	52	64
75_cp_29	75	74	16
75_cp_18	75	15	0
75_cp_8	75	56	30
75_cp_10	75	39	39
75_cp_13	75	70	93
75_cp_1	75	68	46
75_cp_35	75	104	44
75_cp_22	75	10	0
75_mt_36	75	0	1481
76_mt_2	76	87	11
76_mt_3	76	15	453
76_mt_8	76	91	13
77_cp_19	77	36	54
77_cp_25	77	57	9
77_mt_1	77	0	14665
77_mt_8	77	20	4532
77_cp_27	77	57	1274
77_cp_26	77	17	5
77_cp_24	77	45	31
77_cp_5	77	44	1011
77_cp_8	77	60	499
77_cp_17	77	16	14476
77_cp_13	77	64	115867
77_cp_16	77	35	505630
78_cp_4	78	97	69
78_cp_1	78	98	114
78_cp_5	78	11	52
78_cp_2	78	104	127
78_cp_10	78	109	27
78_mt_3	78	32	2733
78_cp_7	78	102	118
79_cp_8	79	11	381
79_cp_2	79	48	22
79_cp_3	79	62	29
79_cp_1	79	91	66
79_cp_9	79	41	40
79_cp_14	79	46	112
79_cp_10	79	0	3671
79_cp_6	79	0	4338
79_cp_15	79	73	26
79_mt_11	79	0	1
79_mt_13	79	9	0
80_cp_12	80	41	11
80_cp_6	80	36	157
80_cp_9	80	40	25
80_cp_5	80	34	12
80_cp_1	80	22	14
80_cp_7	80	47	33
80_cp_8	80	47	14
80_mt_8	80	23	3435
80_mt_12	80	0	807
80_mt_13	80	2	4422
81_cp_11	81	91	17
81_cp_4	81	54	30
81_cp_6	81	36	35
81_cp_9	81	58	3
81_cp_5	81	38	20
81_mt_3	81	37	14
81_mt_5	81	57	444
81_cp_1	81	26	1695
81_mt_6	81	11	4345
81_cp_7	81	72	26
82_mt_1	82	0	4712
82_mt_3	82	71	1100
82_mt_7	82	87	4927
82_cp_6	82	120	40
82_cp_1	82	74	149
82_mt_11	82	13	1
82_cp_10	82	0	2
82_mt_14	82	0	7411
82_cp_4	82	74	63
82_cp_13	82	36	81
82_cp_2	82	16	32
82_cp_7	82	87	27
82_mt_16	82	0	10669
83_mt_1	83	78	147
83_cp_5	83	0	28
83_cp_8	83	80	27
83_cp_4	83	63	34
83_cp_7	83	14	15
83_mt_8	83	54	4569
83_cp_1	83	36	32
84_cp_11	84	90	27
84_mt_1	84	0	7644
84_mt_3	84	47	9
84_mt_12	84	39	7772
84_cp_4	84	69	106
84_cp_5	84	59	34
84_cp_14	84	7	13
84_cp_2	84	65	33
84_cp_7	84	44	51
84_cp_9	84	16	145
84_cp_10	84	12	50
84_mt_14	84	60	1945
85_mt_1	85	93	8930
85_mt_3	85	15	2788
85_cp_10	85	65	132
85_cp_12	85	65	6
85_cp_1	85	72	1135
85_cp_5	85	82	107
85_mt_7	85	118	350
85_mt_8	85	0	4091
85_cp_14	85	94	299
85_cp_4	85	97	78
86_cp_4	86	36	13
86_cp_3	86	38	15
86_cp_1	86	0	91
86_mt_2	86	30	7
86_mt_7	86	0	93
87_mt_1	87	97	51
87_cp_11	87	79	42
87_cp_16	87	28	224
87_mt_4	87	36	240
87_cp_14	87	104	1
87_cp_12	87	84	31
87_cp_4	87	98	303
87_mt_8	87	0	329
87_cp_2	87	70	1894
87_cp_13	87	74	27
87_cp_7	87	101	44
88_mt_1	88	128	30
88_cp_6	88	83	38
88_cp_12	88	102	10
88_mt_2	88	18	289
88_mt_3	88	0	55
88_cp_13	88	71	158
88_mt_5	88	0	48727
88_cp_18	88	85	10
88_cp_25	88	107	16
88_cp_5	88	46	82
88_cp_9	88	25	18
88_cp_16	88	84	15
88_cp_11	88	183	27
88_mt_10	88	40	3350
88_mt_14	88	68	523
88_mt_16	88	67	49
88_mt_20	88	115	19
88_cp_3	88	51	95
88_cp_14	88	55	50
89_cp_4	89	38	115
89_cp_3	89	56	63
90_cp_1	90	63	74
90_cp_3	90	68	18
90_cp_5	90	76	7
90_cp_6	90	26	94
90_mt_2	90	145	146
91_cp_16	91	103	10
91_cp_8	91	95	72
91_mt_1	91	0	19774
91_cp_5	91	2	1690
91_mt_2	91	68	22
91_cp_12	91	20	120
91_cp_10	91	0	17992
91_mt_3	91	33	59
91_cp_11	91	20	1
91_mt_5	91	101	5044
91_cp_13	91	88	54
91_cp_9	91	57	173
91_cp_3	91	39	28885
92_cp_10	92	3	2249
92_mt_2	92	6	20
92_cp_25	92	23	11
92_cp_18	92	56	39
92_cp_23	92	27	42
92_cp_22	92	75	31
92_cp_12	92	40	54
92_cp_15	92	72	20
92_cp_9	92	62	91
92_cp_1	92	0	91842
92_mt_11	92	50	28
92_mt_13	92	55	346
92_cp_2	92	37	776
92_cp_32	92	29	25
92_cp_36	92	31	63
92_cp_27	92	19	13
92_mt_15	92	77	438
92_mt_17	92	15	766
92_cp_26	92	85	19
92_cp_20	92	28	53
92_cp_7	92	78	377
92_cp_6	92	55	618
92_mt_19	92	52	6
92_cp_33	92	75	18
93_cp_3	93	80	14
93_cp_1	93	107	740
93_cp_2	93	0	103071
94_cp_8	94	40	17
94_mt_1	94	0	0
94_cp_5	94	26	84
94_mt_3	94	0	33414
94_mt_4	94	41	2625
94_cp_1	94	0	21038
94_cp_2	94	0	164851
94_cp_3	94	0	410
95_cp_2	95	68	44
95_mt_2	95	0	510
96_mt_2	96	107	35
97_cp_1	97	0	431355
97_cp_2	97	110	2241
97_cp_5	97	56	334
97_cp_12	97	56	21
97_cp_4	97	7	158
97_cp_3	97	0	1640
97_cp_6	97	91	372
97_cp_13	97	88	30
97_cp_14	97	30	14
97_cp_15	97	80	6
97_cp_9	97	2	39053
97_cp_8	97	1	8
98_cp_7	98	53	28
98_cp_9	98	60	25
98_cp_8	98	24	118
98_cp_12	98	47	17
98_mt_1	98	32	33
98_cp_2	98	42	1585
98_cp_10	98	31	11
98_cp_1	98	52	138
98_cp_5	98	30	13131
98_cp_23	98	69	17
98_mt_4	98	85	87
98_cp_14	98	18	2
98_cp_18	98	14	8
99_mt_1	99	102	75
99_cp_1	99	29	77
99_cp_2	99	78	25
99_cp_4	99	74	13
99_mt_4	99	20	6915
99_cp_6	99	112	8
100_cp_1	100	0	484549
100_cp_4	100	84	110
100_mt_4	100	55	6970
100_cp_3	100	50	73
100_cp_5	100	31	13
100_cp_10	100	0	4926
100_mt_5	100	57	4023
100_cp_12	100	54	20
100_cp_16	100	62	282
101_mt_1	101	0	22432
101_mt_2	101	43	455
101_mt_5	101	82	13
101_mt_6	101	46	8
101_mt_7	101	80	4
101_mt_9	101	5	178
101_cp_2	101	70	91
102_mt_1	102	356	7549
102_cp_7	102	78	10
102_cp_1	102	86	122
102_cp_3	102	87	50
102_cp_5	102	103	6
102_cp_4	102	69	22
103_cp_5	103	112	35
103_cp_17	103	37	68
103_cp_11	103	69	88
103_mt_3	103	32	4859
103_cp_12	103	84	30
103_cp_10	103	52	36
103_cp_20	103	46	14
103_cp_1	103	6	1
104_cp_7	104	53	97
104_cp_4	104	38	16
104_cp_14	104	93	6
104_cp_3	104	2	4180
104_mt_3	104	64	64
104_cp_9	104	14	2
104_mt_4	104	50	73
104_cp_6	104	106	39
105_cp_3	105	2	12
105_cp_2	105	1	1
105_cp_10	105	85	12
105_cp_9	105	85	75
105_cp_15	105	92	9
105_mt_3	105	120	16655
105_mt_6	105	64	25
105_cp_5	105	88	22
105_cp_4	105	22	15
106_mt_1	106	108	36
106_cp_1	106	63	82
106_mt_2	106	82	41
106_cp_2	106	37	45
106_cp_9	106	59	14
106_cp_4	106	78	27
106_cp_8	106	53	18
106_cp_5	106	99	122
106_cp_6	106	41	96
107_cp_20	107	0	0
107_cp_1	107	0	4633601
107_mt_12	107	81	85
107_cp_4	107	0	549748
107_cp_15	107	0	3
107_cp_14	107	47	49
108_cp_2	108	59	15
109_cp_12	109	30	12
109_mt_3	109	35	65
109_mt_5	109	61	10
109_mt_6	109	11	602
109_cp_7	109	74	37
109_mt_7	109	38	8
109_cp_9	109	37	21
109_mt_8	109	1	1687
109_cp_1	109	40	253
109_cp_8	109	39	127
110_mt_2	110	0	0
110_cp_3	110	76	245
110_mt_3	110	37	324
110_mt_4	110	111	7148
110_cp_8	110	95	20
110_cp_2	110	86	178
110_cp_4	110	0	7
111_mt_1	111	41	41
111_cp_11	111	32	7
111_cp_6	111	89	40
111_cp_9	111	83	6
111_cp_8	111	40	13
111_cp_1	111	103	85
111_cp_4	111	77	2573
111_mt_11	111	0	21850
111_mt_14	111	4	4929
111_mt_15	111	0	4371
111_mt_16	111	109	97
111_cp_3	111	92	96
112_cp_12	112	94	157
112_mt_1	112	9	167
112_cp_9	112	24	46
112_cp_8	112	108	33
112_cp_7	112	100	102
112_cp_4	112	91	95
112_cp_1	112	72	191
113_mt_1	113	40	20
113_cp_4	113	83	56
113_cp_1	113	78	183
114_cp_4	114	11	10
114_cp_6	114	45	31
115_cp_4	115	81	22
115_cp_2	115	122	169
115_cp_7	115	51	18
115_cp_6	115	67	7
116_cp_2	116	0	0
117_cp_14	117	90	48
117_cp_4	117	74	136
117_cp_6	117	78	202
117_cp_10	117	33	141
117_cp_19	117	93	34
117_cp_21	117	9	66
117_cp_8	117	67	117
117_mt_2	117	0	59967
117_mt_5	117	70	33
117_cp_3	117	29	114
117_cp_22	117	6	0
118_cp_1	118	53	84
118_cp_7	118	0	1
118_mt_3	118	101	68
118_cp_6	118	77	20
118_cp_5	118	102	141
118_cp_2	118	23	66
119_cp_2	119	114	1762
119_mt_2	119	101	174
120_mt_2	120	85	140
120_cp_2	120	126	149
121_cp_8	121	103	93
121_cp_5	121	25	29
121_mt_6	121	64	128
121_cp_1	121	60	80
122_cp_8	122	53	68
122_cp_9	122	15	32
122_mt_7	122	0	1790
122_mt_10	122	0	21306
122_mt_17	122	21	24
122_mt_24	122	1	14179
122_mt_25	122	31	21972
122_mt_30	122	5	48390
122_cp_4	122	41	241
122_cp_2	122	88	171
122_cp_6	122	64	89
122_cp_1	122	44	208
122_mt_34	122	0	771
122_cp_5	122	29	16704
122_cp_7	122	39	502
123_cp_4	123	2	3
123_mt_1	123	124	23
123_cp_1	123	78	33
123_cp_2	123	61	11
124_cp_16	124	49	1884
124_mt_1	124	88	160
124_mt_5	124	110	107
124_cp_5	124	48	108
124_cp_17	124	67	57
124_cp_7	124	51	48
124_cp_15	124	59	19
124_cp_3	124	85	208
124_mt_10	124	68	15
124_cp_26	124	89	13
124_mt_12	124	0	6065
124_cp_9	124	85	48084
124_cp_14	124	52	86
124_cp_34	124	103	11
124_cp_19	124	46	24
124_cp_20	124	43	19
124_cp_18	124	50	35
125_cp_9	125	23	28
125_cp_3	125	73	89
125_cp_5	125	114	59
125_cp_4	125	52	80
125_cp_10	125	57	31
125_cp_16	125	28	11
125_cp_15	125	27	6
125_cp_1	125	41	6533
125_cp_13	125	18	57
125_cp_12	125	42	4
125_cp_14	125	21	14
125_cp_11	125	29	18
125_cp_7	125	86	62
126_cp_4	126	29	56
126_cp_9	126	0	0
126_mt_2	126	94	118
126_cp_2	126	97	29237
126_cp_6	126	93	72
126_cp_3	126	92	18
126_cp_11	126	45	11
126_cp_1	126	33	77
127_cp_47	127	0	0
127_cp_12	127	117	1582
127_cp_53	127	100	18
127_cp_18	127	34	302
127_cp_14	127	23	573
127_cp_33	127	0	1469
127_cp_32	127	1	8119
127_cp_40	127	13	6
127_cp_46	127	13	1
127_cp_9	127	0	165526
127_cp_30	127	71	291
127_cp_15	127	26	82623
127_cp_3	127	106	57288
127_mt_14	127	1	0
127_cp_42	127	68	48
127_cp_2	127	37	550233
127_cp_6	127	22	3125
127_cp_52	127	34	8
127_mt_16	127	97	30
127_cp_28	127	43	187
127_cp_44	127	31	32
127_cp_49	127	41	17
127_mt_18	127	26	4
127_cp_31	127	79	51
127_cp_25	127	28	178
127_cp_35	127	23	53
127_cp_48	127	45	21
127_cp_51	127	34	9
127_cp_55	127	23	3
127_cp_54	127	35	18
127_cp_13	127	60	455
127_mt_21	127	38	6
127_cp_50	127	40	39
127_cp_34	127	80	200
127_cp_56	127	133	25
128_cp_6	128	86	40
128_cp_7	128	11	84
128_mt_4	128	0	1753
128_cp_2	128	38	231
128_cp_4	128	36	195
128_cp_9	128	34	24
128_cp_11	128	50	3
129_cp_5	129	76	28
129_mt_2	129	85	2265
129_cp_9	129	76	26
129_cp_6	129	45	26
129_mt_7	129	54	171
129_mt_10	129	11	14
129_cp_1	129	95	118
129_cp_4	129	94	69
129_mt_14	129	13	5466
129_cp_7	129	85	20
129_cp_2	129	0	15802
129_cp_14	129	0	0
129_mt_16	129	32	99
129_cp_8	129	17	6
130_cp_1	130	0	1
130_mt_1	130	57	437
130_mt_3	130	0	17935
130_mt_4	130	0	7866
131_cp_1	131	51	307
131_cp_11	131	34	49
131_mt_1	131	63	7
131_mt_3	131	0	6007
131_cp_13	131	92	19
131_cp_14	131	36	3
131_cp_7	131	24	63
131_cp_3	131	54	194
132_mt_2	132	0	2023
133_mt_1	133	46	9
133_mt_7	133	0	176
133_cp_12	133	15	12
133_cp_11	133	27	851
133_cp_7	133	92	200
133_cp_9	133	46	753
133_cp_5	133	72	46
133_cp_3	133	47	190
133_cp_1	133	62	245
134_cp_10	134	64	340380
134_cp_7	134	53	2969
134_mt_4	134	78	92
135_mt_1	135	12	15739
135_cp_1	135	102	235
136_cp_4	136	44	23
136_cp_2	136	79	40
136_cp_3	136	34	28
138_cp_1	138	56	60
138_mt_5	138	44	248
139_cp_6	139	109	21
139_cp_2	139	51	40
139_cp_4	139	23	20
139_cp_8	139	60	12
139_cp_7	139	73	16
139_mt_4	139	90	15
140_mt_1	140	93	28
140_mt_2	140	33	9
140_cp_1	140	40	11
141_cp_17	141	80	13
141_mt_4	141	10	3494
141_mt_6	141	72	27
141_mt_7	141	0	11355
141_cp_31	141	70	9
141_cp_2	141	0	141893
141_cp_10	141	29	161
141_cp_25	141	96	13
141_cp_5	141	48	20
141_cp_3	141	44	341
141_cp_1	141	35	621
141_mt_9	141	84	203
141_cp_4	141	77	47
141_cp_13	141	105	13
141_cp_7	141	116	78
143_mt_1	143	89	75
143_cp_5	143	6	3427
143_cp_15	143	59	30
143_cp_9	143	77	22
143_mt_4	143	0	0
143_mt_5	143	3	0
143_cp_3	143	112	196
143_mt_14	143	72	234
143_cp_7	143	81	84
143_cp_1	143	4	356
143_cp_13	143	36	14
144_cp_7	144	111	69
144_cp_2	144	108	501
144_cp_4	144	83	601
144_cp_5	144	0	29527
144_mt_2	144	39	6634
144_cp_9	144	84	36
144_cp_10	144	68	18
144_cp_11	144	1	0
146_cp_2	146	0	4502
146_cp_3	146	64	32
147_cp_13	147	0	0
147_cp_1	147	68	156
147_cp_5	147	0	0
147_cp_4	147	92	62
147_mt_5	147	19	26
147_cp_14	147	81	30
147_cp_8	147	24	20
147_cp_7	147	107	56
147_cp_3	147	83	120
147_mt_9	147	70	39
147_mt_10	147	9	894
147_mt_11	147	77	12
148_cp_5	148	56	224
148_cp_1	148	94	41
148_cp_7	148	2	1
148_cp_3	148	112	77
148_mt_3	148	75	102
148_cp_6	148	0	0
149_mt_1	149	116	109
150_cp_4	150	22	13
150_mt_1	150	41	37
150_cp_13	150	52	16
150_mt_3	150	87	37
150_cp_1	150	27	53
150_cp_15	150	26	20
150_cp_8	150	31	12
150_cp_2	150	46	21740
150_mt_5	150	21	128
150_cp_3	150	76	32
150_cp_7	150	101	33
150_cp_6	150	39	2
152_cp_3	152	73	89
152_cp_2	152	121	21207
152_cp_4	152	14	98
152_cp_8	152	88	11
152_cp_6	152	28	906
153_cp_4	153	0	0
153_cp_2	153	83	37
154_cp_2	154	83	1639
154_cp_6	154	115	10
155_cp_3	155	38	11
155_cp_6	155	83	42
155_mt_2	155	6	4625
155_cp_5	155	83	82
155_cp_7	155	8	4
155_cp_8	155	0	1
155_mt_3	155	0	0
157_cp_1	157	56	9
157_cp_2	157	79	58
157_mt_2	157	0	6465
158_cp_4	158	67	30
158_cp_1	158	0	0
159_mt_1	159	0	2
159_cp_14	159	19	19
159_cp_18	159	19	33
159_cp_3	159	71	3095
159_cp_4	159	108	124885
159_mt_11	159	60	142
159_cp_15	159	92	50
160_cp_6	160	100	12
160_mt_2	160	21	2386
161_cp_5	161	52	25
161_cp_2	161	0	11
161_cp_1	161	47	13
161_cp_4	161	48	16
161_mt_1	161	48	2824
161_mt_3	161	0	29337
162_mt_2	162	33	18
162_mt_3	162	109	1945
162_cp_1	162	0	1
162_mt_4	162	64	4
162_mt_5	162	22	956
162_mt_7	162	132	56
163_cp_5	163	110	40
163_cp_7	163	24	37
163_cp_2	163	55	74
163_cp_4	163	82	49
164_cp_15	164	95	11
164_cp_6	164	69	105
164_mt_6	164	154	42
164_cp_7	164	99	43
164_cp_8	164	30	23
164_cp_12	164	50	25
164_cp_10	164	0	3858
164_cp_2	164	38	153
164_cp_3	164	68	157
164_cp_1	164	56	417
164_cp_9	164	64	80
165_cp_3	165	0	3424
165_cp_2	165	111	32
165_mt_3	165	110	101
166_cp_3	166	9	20
166_cp_2	166	17	6
166_cp_1	166	5	67
166_mt_2	166	52	7
167_mt_1	167	99	7864
167_cp_1	167	0	29512
167_mt_3	167	86	15
167_cp_5	167	31	35
167_cp_3	167	55	58
168_mt_1	168	42	11
168_cp_1	168	67	85439
168_cp_3	168	89	78
168_cp_5	168	63	187
168_cp_7	168	89	9
168_mt_4	168	92	104
169_mt_1	169	123	68
169_mt_4	169	67	16622
169_mt_11	169	0	50
170_cp_2	170	6	0
171_cp_4	171	39	75
171_mt_1	171	31	4230
171_cp_3	171	25	30
171_cp_2	171	52	36
172_cp_2	172	97	1945
172_cp_5	172	108	46
172_mt_5	172	146	77
172_mt_6	172	124	18
172_cp_7	172	24	13
172_mt_7	172	45	1128
172_cp_6	172	81	146
172_cp_3	172	46	1200
173_cp_8	173	99	30
173_cp_5	173	44	157
173_mt_5	173	0	2453
173_cp_1	173	0	0
173_cp_4	173	0	0
173_cp_6	173	0	0
173_cp_2	173	0	47
174_cp_1	174	28	450
174_mt_3	174	0	524
174_cp_6	174	38	20
174_mt_6	174	52	39
174_cp_2	174	34	28
174_cp_3	174	34	119
174_cp_5	174	26	13
175_mt_3	175	93	248
175_cp_2	175	87	348
176_mt_1	176	12	2
176_mt_2	176	49	61
177_cp_7	177	36	14
177_cp_2	177	74	206
177_cp_3	177	13	85
177_mt_2	177	0	221
177_cp_5	177	65	32
177_cp_4	177	71	42
178_cp_4	178	21	5
178_cp_5	178	11	51
178_cp_3	178	0	0
178_cp_7	178	14	4
178_cp_10	178	49	12
179_cp_2	179	93	191
179_cp_1	179	80	194
180_mt_1	180	48	547
180_cp_5	180	104	19
180_mt_2	180	108	11
180_cp_3	180	37	70
180_cp_2	180	93	43
180_cp_4	180	72	21
180_cp_1	180	71	422
181_mt_1	181	98	83
181_cp_1	181	112	29
181_cp_3	181	60	32
182_cp_2	182	40	182
183_cp_5	183	74	58
183_cp_2	183	64	2182
184_mt_3	184	8	233
184_mt_5	184	139	43
184_mt_7	184	65	22
184_cp_11	184	87	15
184_cp_7	184	39	13
184_mt_10	184	95	60
184_cp_2	184	23	321
184_cp_8	184	6	20
185_mt_1	185	65	40
185_mt_2	185	30	3741
185_mt_3	185	72	56
185_cp_6	185	59	17
185_cp_5	185	38	101
185_cp_1	185	0	20205
185_cp_2	185	74	245
185_cp_3	185	0	5817
186_cp_8	186	71	14
186_cp_7	186	32	14
186_cp_5	186	22	250
186_mt_1	186	86	6
186_cp_1	186	0	204
186_cp_4	186	0	1
186_mt_3	186	0	0
186_cp_3	186	51	124
187_cp_5	187	66	51
187_mt_3	187	116	5205
187_cp_11	187	85	16
187_mt_15	187	45	2684
187_mt_16	187	55	59
187_cp_20	187	51	14
187_mt_21	187	75	42
187_mt_22	187	47	25
187_mt_23	187	99	33
187_cp_21	187	44	139
187_cp_6	187	90	159
187_cp_3	187	60	321
187_cp_16	187	4	1
187_cp_12	187	10	10
188_cp_2	188	59	104
188_cp_4	188	24	99
188_mt_3	188	0	37598
189_mt_3	189	92	50
189_cp_8	189	89	26
189_cp_2	189	0	6
189_cp_3	189	0	1645
189_cp_5	189	1	639
189_cp_10	189	36	33
189_cp_13	189	0	0
189_mt_10	189	4	0
189_mt_11	189	3	28
189_cp_15	189	59	24
189_mt_12	189	67	5485
189_cp_11	189	10	28
190_cp_1	190	0	1
191_cp_3	191	3	0
191_cp_2	191	84	24
191_mt_1	191	86	18
191_mt_2	191	93	6
192_mt_1	192	77	26
192_cp_5	192	98	58
192_cp_3	192	55	7337
192_cp_1	192	92	10514
192_mt_5	192	0	1622
192_cp_2	192	0	12
193_mt_1	193	79	13
194_cp_3	194	74	1045
194_cp_5	194	88	22
194_cp_1	194	92	25824
194_cp_4	194	0	181725
195_mt_1	195	0	47095
195_cp_1	195	0	51
196_mt_1	196	0	0
196_cp_3	196	68	11
196_cp_2	196	79	66
197_cp_2	197	45	53
197_cp_7	197	97	529
197_mt_3	197	49	3853
197_mt_4	197	85	16
197_mt_5	197	102	55
197_mt_6	197	70	119
198_cp_1	198	74	57
198_cp_3	198	1	6
199_cp_2	199	23	2778
199_cp_6	199	59	21
199_cp_4	199	16	155
199_cp_8	199	13	15
199_cp_7	199	55	10
200_cp_3	200	97	25
200_mt_1	200	105	104
200_cp_1	200	0	1655
201_cp_2	201	76	147
201_cp_5	201	85	31
201_cp_1	201	100	116
201_mt_3	201	57	20
201_cp_4	201	49	14
202_cp_10	202	84	214
202_cp_8	202	51	87
202_cp_12	202	44	56
203_cp_2	203	82	58
203_cp_4	203	0	84
204_mt_1	204	0	52
204_cp_4	204	111	39
204_cp_5	204	16	50
205_mt_1	205	41	253
205_mt_2	205	67	67
206_cp_17	206	83	13
206_mt_2	206	0	656
206_cp_5	206	105	1147
206_cp_15	206	50	158
206_cp_2	206	84	1084
206_cp_6	206	89	142
206_mt_10	206	68	87
206_cp_13	206	36	24
207_cp_5	207	13	6
207_mt_1	207	56	31
207_cp_4	207	44	10
207_cp_3	207	64	81
207_cp_1	207	30	7721
208_cp_1	208	42	177840
208_cp_2	208	7	155
209_cp_1	209	0	35386
209_cp_5	209	78	26
209_cp_2	209	0	0
209_cp_7	209	0	4
210_mt_1	210	45	4
210_cp_1	210	85	385
211_cp_1	211	20	113
211_mt_4	211	0	2
212_mt_1	212	0	0
212_cp_2	212	79	39
212_cp_3	212	0	5
212_mt_3	212	0	0
212_cp_1	212	24	18
213_mt_1	213	1	4309
213_cp_1	213	110	244
213_cp_2	213	59	11
213_mt_3	213	24	2
214_cp_3	214	99	8042
214_cp_8	214	93	39
214_cp_2	214	120	2107
214_cp_6	214	63	37
215_mt_1	215	0	299
215_cp_5	215	28	86
215_mt_3	215	21	2
215_cp_3	215	35	20
215_cp_7	215	56	7
215_cp_4	215	3	2172
216_cp_1	216	78	163
216_cp_3	216	54	7
216_cp_5	216	51	33
218_cp_2	218	98	41
218_cp_15	218	75	25
218_cp_11	218	36	32
218_mt_5	218	0	0
218_mt_6	218	66	15
218_cp_1	218	47	77
218_cp_4	218	74	152
218_cp_10	218	0	0
218_mt_9	218	31	1172
218_cp_8	218	49	5
218_cp_5	218	77	23
218_cp_7	218	31	32
219_cp_1	219	47	28
220_mt_1	220	1	3
220_mt_3	220	67	27
221_mt_1	221	79	376
221_mt_5	221	60	110
221_cp_2	221	74	547
221_cp_4	221	70	106
222_cp_8	222	4	32
222_cp_6	222	60	68
222_cp_4	222	55	72
222_cp_2	222	41	2767
222_mt_6	222	29	12
223_cp_4	223	27	1176
223_cp_2	223	93	2665
223_mt_1	223	0	2246
223_cp_6	223	82	39
224_cp_1	224	53	70
225_mt_6	225	85	15
225_cp_1	225	63	182
225_cp_3	225	5	0
225_cp_5	225	85	10
225_mt_7	225	109	248
226_mt_4	226	37	8
226_cp_1	226	62	13
226_mt_5	226	74	37
227_cp_2	227	5	2
229_mt_1	229	0	87504
229_mt_2	229	78	174
229_cp_2	229	47	4
229_cp_1	229	80	33
230_cp_1	230	96	35
230_cp_2	230	54	27
232_cp_2	232	106	134
233_mt_3	233	23	4593
233_cp_13	233	74	8
233_cp_3	233	56	109
233_cp_4	233	74	145
233_cp_11	233	9	107
233_cp_10	233	39	21
233_cp_6	233	51	414
233_cp_2	233	56	244
234_mt_2	234	5	368
235_mt_1	235	69	6
235_cp_3	235	88	112
235_cp_4	235	53	283
235_cp_1	235	0	348
237_cp_1	237	139	5399
238_mt_1	238	53	1638
239_cp_1	239	3	0
239_mt_1	239	2	225
240_cp_2	240	51	8
240_cp_1	240	40	56
242_cp_3	242	35	13
243_mt_2	243	79	4590
243_mt_5	243	43	367
244_cp_2	244	96	71
244_cp_3	244	11	15
244_cp_7	244	40	29
244_cp_6	244	66	31
245_cp_1	245	24	19
245_cp_3	245	100	15
245_cp_2	245	76	19
245_mt_1	245	47	16
246_mt_3	246	2	588
246_mt_4	246	66	14
247_mt_1	247	44	12732
247_cp_3	247	57	132
247_cp_2	247	77	103
248_cp_1	248	73	86
248_mt_2	248	33	74
248_cp_4	248	108	37
248_cp_2	248	40	9
249_mt_2	249	25	7309
249_mt_3	249	81	27
250_cp_4	250	17	7
250_mt_1	250	76	87
250_cp_6	250	73	15
250_cp_2	250	84	40
250_cp_3	250	0	11
250_mt_4	250	41	9
252_mt_1	252	129	12
252_cp_2	252	46	13
252_mt_4	252	75	443
254_mt_1	254	16	1518
254_cp_1	254	53	111
254_cp_9	254	76	66
254_cp_3	254	7	21
255_mt_1	255	0	0
255_cp_1	255	60	22932
255_mt_3	255	80	24
255_cp_3	255	40	141
256_cp_6	256	84	22
256_cp_2	256	70	68
256_cp_4	256	104	133
258_cp_1	258	40	52
258_cp_3	258	36	27
258_cp_4	258	35	11
259_cp_2	259	117	143
259_cp_1	259	0	273443
259_cp_5	259	0	5274
259_mt_2	259	79	61
259_mt_3	259	66	62
259_mt_4	259	57	45
259_mt_5	259	2	0
259_cp_4	259	43	47
260_cp_1	260	68	176
260_cp_4	260	93	40
260_cp_2	260	78	38
261_cp_1	261	5	168115
261_cp_4	261	67	66
261_cp_2	261	100	66
262_mt_1	262	0	1489521
262_mt_74	262	0	3174
263_cp_1	263	68	51
263_cp_2	263	65	19
263_cp_3	263	7	63
264_cp_3	264	5	7
264_mt_2	264	81	62
264_cp_2	264	96	7882
265_cp_7	265	58	8
265_cp_8	265	117	20
265_cp_5	265	54	293
265_cp_2	265	104	139
265_cp_6	265	16	0
267_cp_7	267	29	15
267_cp_6	267	80	45
267_cp_4	267	98	94
267_cp_5	267	50	39
267_mt_3	267	3	3046
267_cp_2	267	41	61
268_cp_5	268	30	55
268_cp_3	268	42	44
268_cp_4	268	34	61
268_cp_2	268	8	8
268_mt_1	268	38	12
269_cp_1	269	62	13
269_mt_1	269	0	50733
270_mt_4	270	41	71391
270_mt_15	270	34	580
271_mt_1	271	23	536
271_mt_2	271	94	107
273_cp_2	273	62	459
273_cp_6	273	39	34
274_cp_1	274	61	85
274_cp_3	274	96	69
274_cp_2	274	82	56
275_cp_3	275	75	7
275_cp_1	275	59	77
277_cp_4	277	52	20
277_cp_2	277	75	170
279_cp_4	279	38	30
279_cp_1	279	53	13
279_cp_3	279	104	75
279_mt_3	279	28	196
279_mt_4	279	60	53
280_cp_2	280	63	2688
283_mt_1	283	89	64
284_cp_2	284	20	19
284_cp_1	284	0	4337
284_cp_3	284	35	9
285_cp_3	285	87	27
285_cp_1	285	4	1
287_mt_2	287	0	2360
287_mt_3	287	103	12
287_cp_1	287	113	4755
288_cp_7	288	27	15
288_cp_5	288	81	39
288_mt_3	288	0	0
288_cp_1	288	0	0
288_cp_3	288	0	2
288_cp_6	288	12	17
294_cp_2	294	77	47
294_cp_1	294	0	31
295_cp_1	295	5	0
295_cp_6	295	31	17
295_cp_4	295	41	112
295_cp_5	295	62	27
295_cp_3	295	83	62
295_mt_5	295	50	4490
296_cp_2	296	93	244
296_mt_1	296	93	21
296_cp_3	296	83	129
296_cp_6	296	18	14
296_cp_5	296	36	124
297_mt_1	297	0	343
297_mt_2	297	0	414
298_cp_15	298	1	9
298_cp_6	298	26	102
298_cp_17	298	2	4
298_cp_14	298	1	1
298_cp_2	298	0	1
298_cp_4	298	90	203
299_mt_1	299	2	0
299_mt_2	299	72	133
300_cp_1	300	72	41
300_mt_2	300	86	20
303_cp_2	303	7	6
303_cp_3	303	111	8
303_mt_2	303	63	59
304_mt_1	304	69	685
304_mt_3	304	41	321
304_mt_6	304	43	1101
304_cp_1	304	83	34
304_cp_2	304	31	22
305_cp_2	305	209	83
305_cp_1	305	1	2
305_mt_3	305	9	1785
306_cp_1	306	12	139
307_mt_1	307	87	9
308_mt_2	308	89	11
308_mt_3	308	41	1925
309_cp_1	309	0	3243055
309_cp_6	309	0	238244
309_cp_9	309	0	67277
309_cp_10	309	52	5815
310_cp_1	310	33	21
311_cp_2	311	74	23
311_cp_1	311	94	76
312_mt_1	312	74	770
314_mt_1	314	4	1263
314_mt_2	314	4	522
315_mt_1	315	52	65
315_cp_2	315	71	21
315_cp_5	315	43	169
316_cp_1	316	22	8
318_mt_1	318	155	66
321_cp_4	321	54	10
321_cp_2	321	92	27
321_cp_3	321	45	18
322_cp_3	322	8	4
322_cp_2	322	98	64
322_mt_1	322	1	0
322_cp_1	322	0	125
323_cp_9	323	6	2
323_cp_13	323	1	0
323_cp_11	323	83	10
323_cp_6	323	76	29
323_cp_2	323	0	259965
323_cp_7	323	0	1090
323_cp_5	323	110	15578
323_cp_4	323	138	81321
323_cp_1	323	0	498091
323_cp_3	323	62	114
324_mt_1	324	50	30
324_mt_2	324	6	1778
324_mt_3	324	7	314
325_cp_1	325	25	31
326_mt_1	326	32	755
326_cp_2	326	0	18283
328_cp_1	328	96	215
328_mt_1	328	28	990
328_mt_2	328	149	295
328_mt_4	328	84	38015
330_cp_1	330	87	45
330_cp_2	330	61	13
331_cp_1	331	43	121
332_cp_1	332	64	202
332_mt_1	332	59	4
332_mt_4	332	18	33
335_mt_5	335	103	159
338_mt_1	338	96	93
340_cp_4	340	74	39
340_cp_1	340	18	104
340_mt_1	340	0	11876
341_cp_2	341	63	40
341_cp_3	341	81	28
345_cp_2	345	48	96
346_cp_2	346	48	10
347_mt_1	347	150	94
347_cp_2	347	147	433
348_cp_1	348	62	22
349_cp_1	349	42	121
349_cp_2	349	55	6
350_mt_1	350	14	199
350_cp_2	350	34	8
351_cp_2	351	0	0
352_cp_1	352	4	16
352_cp_4	352	0	5198
352_mt_1	352	78	122
352_mt_3	352	87	234
352_mt_6	352	92	53
352_mt_8	352	60	44
353_mt_1	353	92	69
354_mt_1	354	12	0
355_cp_2	355	24	20
357_mt_1	357	0	7455
357_cp_1	357	61	1127
359_cp_2	359	171	31
359_mt_1	359	71	26
359_cp_1	359	49	118
359_mt_4	359	9	5328
360_mt_1	360	15	148
361_mt_1	361	0	7040
361_mt_2	361	0	2849494
365_mt_2	365	9	510
365_mt_3	365	0	6463
367_mt_2	367	86	148
369_mt_1	369	0	821
369_mt_2	369	70	8
370_cp_3	370	0	4754
370_mt_1	370	9	32834
372_cp_2	372	54	189
372_cp_5	372	32	3
372_cp_3	372	100	98
372_cp_1	372	102	779
373_cp_3	373	0	51
376_cp_4	376	263	676
376_cp_5	376	1	26
376_cp_1	376	42	37802
377_mt_2	377	50	1052
378_cp_1	378	63	193
379_cp_2	379	9	615
379_cp_4	379	6	3
379_cp_3	379	13	10
381_cp_1	381	16	9
383_cp_2	383	27	11
383_cp_1	383	29	16
384_cp_1	384	62	28
385_cp_1	385	5	19
385_mt_2	385	28	3485
387_mt_3	387	0	109
388_mt_1	388	22	563
389_cp_2	389	29	10
391_cp_2	391	0	12
393_cp_4	393	36	668
394_mt_1	394	0	0
396_cp_2	396	36	15450
399_cp_1	399	22	53
399_cp_4	399	31	9
401_mt_2	401	27	246
402_cp_1	402	80	28
404_cp_1	404	33	13
405_mt_1	405	54	15
405_mt_3	405	74	60
406_cp_1	406	0	3
406_cp_2	406	50	10
411_cp_1	411	0	0
412_mt_1	412	0	5526
412_cp_1	412	33	6
413_cp_6	413	28	2423268
413_cp_7	413	59	21
414_mt_1	414	0	10350
416_mt_2	416	46	8
417_cp_2	417	50	425
420_mt_1	420	94	87
420_cp_2	420	71	5742
422_cp_4	422	61	13
422_cp_2	422	44	39
422_mt_1	422	0	2172
422_cp_1	422	32	270
424_cp_1	424	111	54
425_mt_1	425	31	43
425_cp_1	425	60	39735
429_cp_1	429	0	6
431_cp_1	431	6	52
433_cp_1	433	22	8
433_cp_2	433	0	0
436_cp_1	436	0	0
442_cp_4	442	35	16
442_cp_3	442	41	11
442_cp_1	442	34	88
444_cp_1	444	3	9
445_cp_1	445	54	33
446_cp_5	446	61	37942
446_cp_16	446	0	37914
446_cp_15	446	107	267584
448_cp_1	448	18	31
451_cp_2	451	38	50
454_cp_1	454	28	21
455_mt_1	455	25	540
457_cp_2	457	121	108
461_cp_2	461	101	22
461_mt_2	461	61	62
462_cp_1	462	34	0
464_mt_1	464	66	107
464_mt_2	464	6	8576
467_mt_1	467	63	145
468_cp_2	468	35	104
470_cp_1	470	85	73
470_cp_2	470	28	28
473_mt_2	473	80	277
474_cp_3	474	0	1404
474_cp_2	474	0	4877
474_cp_1	474	0	204
476_cp_1	476	88	128
477_cp_1	477	66	38
478_cp_2	478	45	137
483_cp_1	483	301	171
485_cp_1	485	2	15
486_mt_1	486	51	49
486_cp_2	486	47	165
486_cp_1	486	42	148
492_mt_1	492	12	2810
492_mt_2	492	59	2217
493_cp_2	493	61	45
496_cp_2	496	0	0
499_mt_1	499	19	224
499_cp_2	499	131	39
506_cp_1	506	1	2
509_cp_1	509	0	110
510_cp_2	510	0	0
513_cp_1	513	28	2
520_cp_2	520	0	0
528_cp_1	528	36	123
532_cp_1	532	25	15
538_mt_1	538	0	5680
544_cp_1	544	24	93
552_mt_1	552	37	18
552_cp_2	552	47	135
560_cp_2	560	45	16
560_cp_3	560	27	19
560_cp_1	560	39	123
569_cp_1	569	0	0
569_mt_1	569	0	746
575_mt_1	575	30	2576
576_cp_1	576	28	8773
581_mt_1	581	40	15
585_cp_1	585	47	27
589_mt_2	589	8	1
592_cp_1	592	31	21
594_cp_2	594	17	56
597_cp_2	597	56	75
600_cp_2	600	111	16
602_mt_1	602	21	531
610_cp_1	610	83	81
611_cp_1	611	91	17
616_mt_2	616	0	0
619_cp_2	619	0	300
628_mt_1	628	0	0
630_mt_1	630	59	21
630_mt_3	630	68	8
641_cp_1	641	21	331
643_mt_1	643	0	11884
647_cp_1	647	8	35
657_cp_1	657	34	44
658_mt_1	658	0	367
664_mt_1	664	30	21760
664_cp_2	664	38	14
665_cp_1	665	43	201
665_cp_3	665	0	50
665_cp_2	665	61	430
667_cp_2	667	0	0
668_mt_1	668	11	2215
669_mt_1	669	0	4599
678_cp_1	678	36	279
679_cp_2	679	33	12
680_mt_1	680	95	332
681_mt_1	681	32420	446264
682_mt_1	682	38	34
684_cp_1	684	38	85
692_mt_1	692	16	92
697_cp_1	697	0	522668
702_cp_2	702	51	33
703_mt_1	703	42	1
710_cp_2	710	31	85
713_cp_3	713	50	227
718_cp_1	718	56	4
720_cp_1	720	34	32
727_mt_1	727	0	0
734_cp_1	734	50	58
735_cp_1	735	10	4279
740_cp_12	740	111	25
740_cp_2	740	0	520100
740_cp_5	740	0	160363
740_mt_3	740	0	74754
740_cp_10	740	0	86053
740_cp_1	740	0	623354
740_cp_8	740	22	1651
743_cp_2	743	47	19
746_mt_1	746	0	0
748_mt_1	748	0	634229
750_cp_1	750	0	0
753_cp_1	753	6	2
755_cp_3	755	53	69
768_cp_1	768	36	19
772_mt_1	772	62	5
774_cp_2	774	57	68
807_cp_1	807	48	22
822_cp_1	822	1	1
839_cp_2	839	0	0
859_mt_1	859	60	73
895_cp_1	895	0	26
910_mt_1	910	0	1616
919_mt_1	919	2	0
961_cp_2	961	84	127
1017_cp_1	1017	80	21
1024_cp_1	1024	2	2
1071_cp_1	1071	0	37
1076_cp_1	1076	35	5
1119_cp_2	1119	37	1
1148_mt_1	1148	0	0
1165_cp_1	1165	2	1
